123456789879842739472398498765432102347238492837492387438247932987654321023472384928374923874308247932
123456789879842739472398498765432102347238492837492387438247932987654321023472384928374923874308247932

12345678123456
12345678123456

152415768327980061577383936 (dung)
152415768327980061577383936
148148137482666663594663936
9012051466364132343999303549


123456789879842739472398498765432102347238492837492387438247932987654321023472384928374923874308247932
123456789879842739472398498765432102347238492837492387438247932987654321023472384928374923874308247932

152415789674356406545749917742963224363109952171118627044041995278641745538854890855241598014250280478055767467785957294962284005814117274523662850983988506236354758883741852034998578188797305806424

15241578967435640654574991774296322436310995217111862704404199527864174553885489085524159801425033965336429267400784120501071225272941435287804971783513540723559440135289482281854244685730873923582276624
     14117274523662850983988506236354758883741852034998578188797305806424
